# R script for Peak Model
#  -- generated by MACS
p <- c(0.0439148716398,0.0513757609237,0.0589139651225,0.0660269372895,0.0727146774248,0.0740676884348,0.0740290309774,0.0724440752228,0.0731012519991,0.0736811138605,0.0731012519991,0.0724440752228,0.0717868984465,0.0715936111593,0.0729079647119,0.0719028708188,0.0714003238722,0.0722894453931,0.0710910642127,0.0708977769256,0.0705112023513,0.071477638787,0.0717095835316,0.0720575006485,0.0704725448939,0.0706271747236,0.0708591194682,0.0721734730208,0.0720961581059,0.0731785669139,0.074260975722,0.0741063458922,0.0737197713179,0.0734878265734,0.0739130586051,0.0743382906368,0.0745702353814,0.0731012519991,0.0736424564031,0.0735264840308,0.0724827326802,0.0727146774248,0.0734878265734,0.0741836608071,0.0741063458922,0.0742223182645,0.0744156055517,0.0749954674131,0.0758072740191,0.0744929204665,0.0742996331794,0.0736424564031,0.0726760199673,0.072018843191,0.0731785669139,0.0737584287754,0.07399037352,0.0729466221694,0.0720961581059,0.0729079647119,0.0736037989457,0.074260975722,0.075884588934,0.0760392187637,0.0751887547003,0.0746475502963,0.0739517160625,0.0733331967437,0.0737970862328,0.0729466221694,0.0731012519991,0.0723667603079,0.071207036585,0.0708977769256,0.0717095835316,0.0717868984465,0.0723281028505,0.0736811138605,0.0734878265734,0.0743382906368,0.0746862077537,0.0743769480942,0.0751887547003,0.0760005613063,0.0749568099557,0.0735264840308,0.0739130586051,0.0730239370842,0.0726373625099,0.0718255559039,0.0718255559039,0.0717095835316,0.0704338874364,0.0700086554047,0.0691968487987,0.0701632852344,0.0703179150642,0.0715549537019,0.0708977769256,0.0711297216702,0.0705885172662,0.0707044896384,0.0707431470959,0.0705885172662,0.0730625945416,0.0728306497971,0.0708204620107,0.069583423373,0.0697767106601,0.0702406001493,0.0700086554047,0.0703565725216,0.071477638787,0.0715162962445,0.0699699979473,0.0712456940425,0.0724827326802,0.0729079647119,0.0736424564031,0.0731012519991,0.0737970862328,0.0738744011477,0.0731785669139,0.0717868984465,0.0718642133613,0.0702792576067,0.0708977769256,0.0699313404899,0.0690035615116,0.0695061084581,0.0688875891393,0.0692355062561,0.0704725448939,0.0715549537019,0.0715936111593,0.0720575006485,0.070936434383,0.0725213901376,0.0733718542011,0.0730239370842,0.07399037352,0.0726373625099,0.0719028708188,0.0722507879356,0.0722507879356,0.0720575006485,0.0713230089573,0.0710137492979,0.0710524067553,0.0699313404899,0.0690035615116,0.0702019426919,0.0706271747236,0.0695061084581,0.0691581913413,0.069312821171,0.0705498598087,0.070395229979,0.0703565725216,0.0710524067553,0.0714389813296,0.0709750918405,0.0707431470959,0.0714003238722,0.072018843191,0.0724827326802,0.0717868984465,0.0720961581059,0.0726760199673,0.0737970862328,0.0733718542011,0.0730625945416,0.0725600475951,0.0725600475951,0.0719801857336,0.0719028708188,0.0731399094565,0.0738744011477,0.0737584287754,0.0734878265734,0.0741450033497,0.0744929204665,0.07534338453,0.0751500972428,0.0754593569023,0.0747248652111,0.0737197713179,0.0727919923396,0.0721348155633,0.0726760199673,0.0713230089573,0.0720575006485,0.071477638787,0.0727533348822,0.0729466221694,0.0726760199673,0.0719415282762,0.0724054177653,0.0726760199673,0.0710137492979,0.0713616664147,0.0710910642127,0.0710524067553,0.0701632852344,0.0705498598087,0.0710524067553,0.0712843514999,0.0692741637136,0.0687329593095,0.0696993957453,0.0703565725216,0.0703565725216,0.0705498598087,0.0702792576067,0.0704338874364,0.0708977769256,0.0720961581059,0.0725600475951,0.0735264840308,0.0728693072545,0.0726760199673,0.0724827326802,0.0724440752228,0.0728306497971,0.0737970862328,0.0739130586051,0.0729079647119,0.0732945392862,0.0738357436902,0.0753820419874,0.0755366718171,0.0755753292746,0.0760392187637,0.0761165336786,0.0745702353814,0.0743382906368,0.0753047270726,0.0752660696151,0.0738357436902,0.0732172243714,0.0737197713179,0.0733331967437,0.0729466221694,0.0733331967437,0.0739517160625,0.0743769480942,0.0737197713179,0.0733718542011,0.0729079647119,0.0729852796268,0.0726760199673,0.0731399094565,0.0731785669139,0.0730239370842,0.0735651414882,0.0727146774248,0.0726760199673,0.0733331967437,0.0741450033497,0.0735651414882,0.0731012519991,0.0730239370842,0.0731012519991,0.0727919923396,0.0716709260742,0.0729466221694,0.0733331967437,0.0735651414882,0.0740290309774,0.0744542630091,0.0751887547003,0.07534338453,0.0752660696151,0.0767350529974,0.0765804231677,0.0758459314766,0.0752660696151,0.0754206994448,0.075613986732,0.0759619038489,0.0750341248705,0.0743382906368,0.0740290309774,0.0731012519991,0.0737197713179,0.0731399094565,0.0730239370842,0.0730625945416,0.0728693072545,0.0728306497971,0.0731785669139,0.0731399094565,0.0730625945416,0.0724054177653,0.0721734730208,0.0725987050525,0.0732945392862,0.0743769480942,0.0747248652111,0.0751114397854,0.0763098209657,0.0786679258689,0.0804461689107,0.083538765505,0.0858968704082,0.0888348371729,0.0923526657989,0.095599892223,0.0969915606905,0.0996975827105,0.100509389317,0.102094345071,0.10255823456,0.102828836762,0.103060781507,0.103099438964,0.102596892018,0.101321195923,0.101862400327,0.101746427954,0.103640643368,0.102674206933,0.103988560485,0.104259162687,0.104491107432,0.103988560485,0.103833930655,0.10271286439,0.102790179305,0.102133002529,0.101785085412,0.103331383709,0.102287632358,0.101243881008,0.101475825752,0.101978372699,0.102094345071,0.102519577103,0.103872588113,0.104104532857,0.102133002529,0.101127908635,0.101630455582,0.103215411337,0.10271286439,0.102326289816,0.102596892018,0.103679300826,0.103331383709,0.101939715241,0.103447356081,0.101746427954,0.101166566093,0.100625361689,0.100509389317,0.100779991519,0.0998522125402,0.0983059142431,0.0976100800093,0.100200129657,0.100895963891,0.101475825752,0.102210317443,0.102055687614,0.102790179305,0.10286749422,0.103486013539,0.103524670996,0.103756615741,0.101475825752,0.100277444572,0.100509389317,0.101398510837,0.100779991519,0.100470731859,0.101321195923,0.100934621348,0.102055687614,0.101475825752,0.103176753879,0.103872588113,0.104607079804,0.105186941666,0.105148284208,0.105689488612,0.104839024549,0.105534858782,0.105148284208,0.106037405729,0.107158471994,0.108240880802,0.110521670791,0.10932328961,0.110405698418,0.109400604525,0.109941808929,0.111217505025,0.111797366886,0.111333477397,0.10947791944,0.108588797919,0.106655925048,0.106578610133,0.10708115708,0.107467731654,0.108743427749,0.1079702786,0.107467731654,0.108704770292,0.109207317238,0.109052687408,0.108782085206,0.109748521642,0.10947791944,0.110714958078,0.10963254927,0.109825836557,0.110405698418,0.109052687408,0.110057781302,0.110869587908,0.111836024343,0.110753615535,0.111062875195,0.11218394146,0.11218394146,0.111681394514,0.111526764684,0.113189035353,0.111797366886,0.112841118237,0.112763803322,0.113575609928,0.112841118237,0.110869587908,0.11083093045,0.109516576898,0.108472825547,0.106385322846,0.107119814537,0.104568422347,0.103988560485,0.103717958283,0.10391124557,0.10557351624,0.105650831155,0.10677189742,0.107467731654,0.108356853175,0.109709864185,0.111372134854,0.111604079599,0.111681394514,0.112067969088,0.110444355876,0.110560328248,0.111642737056,0.112802460779,0.113652924843,0.112609173492,0.111681394514,0.112957090609,0.112918433151,0.111951996716,0.111488107227,0.110328383504,0.108086250973,0.107351759282,0.106810554878,0.106733239963,0.106462637761,0.105186941666,0.105882775899,0.10572814607,0.107119814537,0.108704770292,0.110521670791,0.110908245365,0.11114019011,0.111372134854,0.112029311631,0.112531858577,0.113111720439,0.114271444161,0.11384621213,0.112415886205,0.111604079599,0.111178847567,0.110135096216,0.110444355876,0.111449449769,0.109941808929,0.108627455377,0.108936715036,0.110057781302,0.111333477397,0.110946902822,0.111101532652,0.111951996716,0.111681394514,0.110908245365,0.113459637555,0.113575609928,0.113266350268,0.11249320112,0.11233857129,0.113343665183,0.113575609928,0.114000841959,0.114426073991,0.115353852969,