# R script for Peak Model
#  -- generated by MACS
p <- c(0.0435966403081,0.0507137574562,0.0581746966888,0.0657731647551,0.072340166568,0.0726496064441,0.0729934285285,0.0713430825231,0.0718588156498,0.0719963444836,0.071102407064,0.0709304960218,0.0706210561458,0.0698990297685,0.0701397052276,0.069555207684,0.0687987990982,0.0692113855996,0.0677329506364,0.0676641862195,0.067389128552,0.0670109242591,0.0667014843831,0.0667358665915,0.0667702488,0.0666671021746,0.0671484530929,0.0685581236391,0.068936327932,0.0689019457236,0.0701397052276,0.0706554383542,0.0709648782303,0.0710336426471,0.0714806113569,0.0720651089005,0.0721338733174,0.0707242027711,0.0708961138134,0.0722026377343,0.0706898205627,0.0714462291485,0.0708617316049,0.070792967188,0.0709648782303,0.0708273493965,0.0708273493965,0.0708617316049,0.0709992604387,0.0700021763938,0.0707242027711,0.0701397052276,0.0694864432671,0.0698990297685,0.0700709408107,0.0702084696445,0.0708961138134,0.070174087436,0.0697615009347,0.0693145322249,0.0693145322249,0.0696927365178,0.0713774647316,0.0713430825231,0.0706210561458,0.0706210561458,0.0691770033911,0.0692801500165,0.0695208254756,0.0691770033911,0.069555207684,0.0686612702644,0.0679736260955,0.0668046310084,0.0675954218027,0.067079688676,0.0677673328449,0.0687644168898,0.0693489144333,0.070483527312,0.0705866739374,0.07141184694,0.0719963444836,0.0730965751538,0.0717900512329,0.0713087003147,0.0714806113569,0.07141184694,0.0711711714809,0.0702772340614,0.0708961138134,0.0704491451036,0.0700365586022,0.0702772340614,0.070483527312,0.0710336426471,0.0711711714809,0.0707585849796,0.070483527312,0.071102407064,0.0700021763938,0.0694176788502,0.0690050923489,0.068936327932,0.070174087436,0.0703803806867,0.0691082389742,0.0692113855996,0.070174087436,0.0701053230191,0.0703116162698,0.0705866739374,0.0709648782303,0.0710680248556,0.0696583543093,0.0703116162698,0.0717556690245,0.0712399358978,0.0705179095205,0.0705179095205,0.070483527312,0.0703116162698,0.0697615009347,0.068626888056,0.0697615009347,0.0689019457236,0.0689707101404,0.0687987990982,0.0683518303884,0.0689019457236,0.0690050923489,0.0697958831431,0.0712055536894,0.0719275800667,0.0714806113569,0.0717556690245,0.0712055536894,0.0725120776103,0.0735435438636,0.0726152242356,0.0730965751538,0.0716869046076,0.0710336426471,0.0710680248556,0.0706210561458,0.0704491451036,0.0698302653516,0.0697271187262,0.0689707101404,0.0686956524729,0.0684549770138,0.0690738567658,0.0687644168898,0.0679736260955,0.0676298040111,0.0681799193462,0.0689019457236,0.0685925058476,0.0686956524729,0.0693145322249,0.0701053230191,0.0698302653516,0.0699677941853,0.0708273493965,0.0722714021512,0.0721338733174,0.0715493757738,0.0718588156498,0.0723057843596,0.0729590463201,0.0717556690245,0.0724776954018,0.0719963444836,0.0712743181063,0.0705866739374,0.0708617316049,0.0723057843596,0.0726839886525,0.072340166568,0.0718588156498,0.0727183708609,0.072030726692,0.0728215174863,0.0729590463201,0.0731997217792,0.0724089309849,0.0711711714809,0.070483527312,0.0702428518529,0.0705179095205,0.0695208254756,0.0707585849796,0.070174087436,0.0703803806867,0.0702772340614,0.0704147628951,0.0699677941853,0.0700365586022,0.0694864432671,0.0687987990982,0.068626888056,0.0677673328449,0.0681455371378,0.06831744818,0.0676641862195,0.0681455371378,0.0680423905124,0.0669077776338,0.0671828353013,0.0672172175098,0.0677329506364,0.0677673328449,0.0679736260955,0.0677329506364,0.0691426211827,0.0689707101404,0.0706210561458,0.0704147628951,0.0708961138134,0.0701053230191,0.070174087436,0.0704147628951,0.0702772340614,0.0707242027711,0.0712055536894,0.0708961138134,0.0698302653516,0.0703116162698,0.0716525223991,0.0732341039876,0.0732341039876,0.0738873659481,0.0741624236156,0.0737154549058,0.0724089309849,0.0724433131934,0.0730965751538,0.0731997217792,0.0710680248556,0.0706210561458,0.0708961138134,0.070174087436,0.0706554383542,0.0706210561458,0.0709992604387,0.0712399358978,0.0703803806867,0.0705866739374,0.06986464756,0.069245767808,0.0685237414307,0.0688331813067,0.0672172175098,0.067079688676,0.0675266573858,0.0672859819266,0.0682830659716,0.0685581236391,0.0701397052276,0.0706210561458,0.070792967188,0.0707242027711,0.0711367892725,0.0709648782303,0.0695895898925,0.0706210561458,0.0701053230191,0.0699334119769,0.0696927365178,0.070174087436,0.0710336426471,0.0706898205627,0.0710336426471,0.072340166568,0.0728215174863,0.0712743181063,0.0711367892725,0.0712055536894,0.0707242027711,0.0703803806867,0.0697615009347,0.0694520610587,0.069555207684,0.0690738567658,0.0692113855996,0.0697615009347,0.0698990297685,0.0699677941853,0.070792967188,0.0706210561458,0.0705866739374,0.0709648782303,0.0705522917289,0.0696927365178,0.0697958831431,0.0698302653516,0.0696927365178,0.0705866739374,0.0710680248556,0.0722714021512,0.0737154549058,0.0761909739139,0.0796979591753,0.0841332640646,0.0869526051571,0.0909409413367,0.0959263615612,0.10125560387,0.104831353548,0.108303956601,0.110951386652,0.113289376826,0.113805109953,0.115249162707,0.116418157794,0.117862210549,0.117587152882,0.116899508713,0.117208948589,0.117999739383,0.12006267189,0.120750316058,0.121747400103,0.120475258391,0.120578405016,0.119306263304,0.118928059011,0.11717456638,0.117518388465,0.117071419755,0.115455455958,0.114870958414,0.114183314245,0.114699047372,0.116349393378,0.117655917298,0.118102886008,0.118309179259,0.11827479705,0.11916873447,0.119340645512,0.119753232014,0.119959525264,0.120372111766,0.118928059011,0.117243330797,0.117484006256,0.119271881095,0.12006267189,0.118584236926,0.118824912386,0.117037037546,0.117208948589,0.116693215462,0.11696827313,0.118687383552,0.116865126504,0.115421073749,0.113839492161,0.11452713633,0.115214780499,0.115146016082,0.115214780499,0.115627367,0.115558602583,0.11497410504,0.116933890921,0.11672759767,0.117415241839,0.116143100127,0.115627367,0.116865126504,0.11762153509,0.117208948589,0.116796362087,0.117002655338,0.11717456638,0.118446708093,0.118859294594,0.120337729557,0.119031205636,0.119512556554,0.120681551642,0.12026896514,0.121231666977,0.120956609309,0.12071593385,0.120990991518,0.12136919581,0.122194368813,0.124497976779,0.125185620948,0.124051008069,0.125632589658,0.124016625861,0.124154154694,0.124979327697,0.125013709906,0.124119772486,0.123088306233,0.122297515438,0.120406493974,0.120303347349,0.119959525264,0.120956609309,0.12136919581,0.120784698267,0.120097054098,0.12116290256,0.121231666977,0.121128520351,0.122091222188,0.122435044272,0.121919311146,0.123122688441,0.123328981692,0.123879097027,0.124326065737,0.123638421568,0.124773034447,0.125666971866,0.126354616035,0.125288767573,0.126526527077,0.127076642412,0.126492144869,0.125391914199,0.125220003156,0.12446359457,0.122675719731,0.122606955314,0.122503808689,0.122882012982,0.122882012982,0.121197284768,0.12116290256,0.120440876182,0.119512556554,0.119959525264,0.121197284768,0.119581320971,0.119340645512,0.119753232014,0.118102886008,0.119134352262,0.118962441219,0.119753232014,0.120097054098,0.120922227101,0.121025373726,0.122572573106,0.121919311146,0.121953693354,0.122228751022,0.121953693354,0.122469426481,0.123122688441,0.124566741196,0.123947861444,0.123122688441,0.122159986605,0.122985159607,0.123191452858,0.123672803776,0.122778866357,0.122331897647,0.121197284768,0.120097054098,0.119340645512,0.119650085388,0.118859294594,0.119925143056,0.119684467597,0.118859294594,0.120165818515,0.12116290256,0.12136919581,0.120819080475,0.121266049185,0.120750316058,0.122056839979,0.121472342436,0.122435044272,0.123741568193,0.12381033261,0.122985159607,0.121644253478,0.122297515438,0.12136919581,0.122194368813,0.123604039359,0.122022457771,0.120956609309,0.121025373726,0.120337729557,0.120681551642,0.121403578019,0.121059755934,0.12181616452,0.122366279855,0.120578405016,0.122331897647,0.121403578019,0.120922227101,0.121094138143,0.121094138143,0.123019541816,0.124497976779,0.125185620948,0.124738652238,0.12470427003,0.123982243652,0.125391914199,0.126010793951,